   ━━━━━━━━━━━━━━━━━━━━━━━━━━━━━━━━━━━━━━━━ 198.1/198.1 MB 8.4 MB/s eta 0:00:00
ERROR: pip's dependency resolver does not currently take into account all the packages that are installed. This behaviour is the source of the following dependency conflicts.
torchaudio 2.10.0+cpu requires torch==2.10.0, but you have torch 2.15.0.dev20260911+cpu which is incompatible.
torchvision 0.25.0+cpu requires torch==2.10.0, but you have torch 2.15.0.dev20260911+cpu which is incompatible.
torch 2.15.0.dev20260911+cpu
[quantile ties 1-d q=0.5] eager=[1.0, 0.0, 0.0, 0.0, 0.0]
    inductor=[0.0, 0.0, 1.0, 0.0, 0.0]   <-- DIFF
    aot_eager=[0.0, 0.0, 1.0, 0.0, 0.0]   <-- DIFF vs eager
[quantile ties 1-d q=0.5 dim=0] eager=[1.0, 0.0, 0.0, 0.0, 0.0]
    inductor=[0.0, 0.0, 1.0, 0.0, 0.0]   <-- DIFF
    aot_eager=[0.0, 0.0, 1.0, 0.0, 0.0]   <-- DIFF vs eager
[quantile ties 2-d dim=0] eager=[0.0, 0.0, 0.5, 0.5, 0.5, 0.5, 1.0, 1.0, 0.5, 0.5, 0.5, 0.5, 0.0, 0.0]
    inductor=[0.0, 0.0, 0.5, 0.5, 0.5, 0.5, 1.0, 1.0, 0.5, 0.5, 0.5, 0.5, 0.0, 0.0]
[quantile prime7 no ties dim=0] eager=[0.0, 0.0, 0.0, 0.0, 0.0, 0.0, 0.0, 0.0, 0.0, 0.0, 0.0, 0.0, 1.0, 1.0, 1.0, 1.0, 0.0, 0.0, 0.0, 0.0, 0.0, 0.0, 0.0, 0.0, 0.0, 0.0, 0.0, 0.0]
    inductor=[0.0, 0.0, 0.0, 0.0, 0.0, 0.0, 0.0, 0.0, 0.0, 0.0, 0.0, 0.0, 1.0, 1.0, 1.0, 1.0, 0.0, 0.0, 0.0, 0.0, 0.0, 0.0, 0.0, 0.0, 0.0, 0.0, 0.0, 0.0]
[quantile all equal] eager=[0.0, 0.0, 0.0, 0.0, 0.19999992847442627, 0.19999992847442627, 0.19999992847442627, 0.19999992847442627, 0.8000000715255737, 0.8000000715255737, 0.8000000715255737, 0.8000000715255737, 0.39999985694885254, 0.39999985694885254, 0.39999985694885254, 0.39999985694885254, 0.6000001430511475, 0.6000001430511475, 0.6000001430511475, 0.6000001430511475, 0.0, 0.0, 0.0, 0.0, 0.0, 0.0, 0.0, 0.0]
    inductor=[0.0, 0.0, 0.0, 0.0, 0.19999992847442627, 0.19999992847442627, 0.19999992847442627, 0.19999992847442627, 0.8000000715255737, 0.8000000715255737, 0.8000000715255737, 0.8000000715255737, 0.39999985694885254, 0.39999985694885254, 0.39999985694885254, 0.39999985694885254, 0.6000001430511475, 0.6000001430511475, 0.6000001430511475, 0.6000001430511475, 0.0, 0.0, 0.0, 0.0, 0.0, 0.0, 0.0, 0.0]
[quantile all equal keepdim] eager=[0.0, 0.0, 0.0, 0.0, 0.0, 0.0, 0.0, 0.0, 0.0, 0.0, 0.0, 0.0, 0.0, 0.0, 0.0, 0.0, 0.0, 0.0, 0.0, 0.0, 0.0, 0.0, 0.0, 0.0, 1.0, 1.0, 1.0, 1.0]
    inductor=[0.0, 0.0, 0.0, 0.0, 0.0, 0.0, 0.0, 0.0, 0.0, 0.0, 0.0, 0.0, 1.0, 1.0, 1.0, 1.0, 0.0, 0.0, 0.0, 0.0, 0.0, 0.0, 0.0, 0.0, 0.0, 0.0, 0.0, 0.0]   <-- DIFF
    aot_eager=[0.0, 0.0, 0.0, 0.0, 0.0, 0.0, 0.0, 0.0, 0.0, 0.0, 0.0, 0.0, 1.0, 1.0, 1.0, 1.0, 0.0, 0.0, 0.0, 0.0, 0.0, 0.0, 0.0, 0.0, 0.0, 0.0, 0.0, 0.0]   <-- DIFF vs eager
[nanquantile ties 1-d q=0.5] eager=[1.0, 0.0, 0.0, 0.0, 0.0]
    inductor=[0.0, 0.0, 1.0, 0.0, 0.0]   <-- DIFF
    aot_eager=[0.0, 0.0, 1.0, 0.0, 0.0]   <-- DIFF vs eager
[nanquantile ties 1-d q=0.5 dim=0] eager=[1.0, 0.0, 0.0, 0.0, 0.0]
    inductor=[0.0, 0.0, 1.0, 0.0, 0.0]   <-- DIFF
    aot_eager=[0.0, 0.0, 1.0, 0.0, 0.0]   <-- DIFF vs eager
[nanquantile ties 2-d dim=0] eager=[0.0, 0.0, 0.5, 0.5, 0.5, 0.5, 1.0, 1.0, 0.5, 0.5, 0.5, 0.5, 0.0, 0.0]
    inductor=[0.0, 0.0, 0.5, 0.5, 0.5, 0.5, 1.0, 1.0, 0.5, 0.5, 0.5, 0.5, 0.0, 0.0]
[nanquantile prime7 no ties dim=0] eager=[0.0, 0.0, 0.0, 0.0, 0.0, 0.0, 0.0, 0.0, 0.0, 0.0, 0.0, 0.0, 1.0, 1.0, 1.0, 1.0, 0.0, 0.0, 0.0, 0.0, 0.0, 0.0, 0.0, 0.0, 0.0, 0.0, 0.0, 0.0]
    inductor=[0.0, 0.0, 0.0, 0.0, 0.0, 0.0, 0.0, 0.0, 0.0, 0.0, 0.0, 0.0, 1.0, 1.0, 1.0, 1.0, 0.0, 0.0, 0.0, 0.0, 0.0, 0.0, 0.0, 0.0, 0.0, 0.0, 0.0, 0.0]
[nanquantile all equal] eager=[0.0, 0.0, 0.0, 0.0, 0.19999992847442627, 0.19999992847442627, 0.19999992847442627, 0.19999992847442627, 0.8000000715255737, 0.8000000715255737, 0.8000000715255737, 0.8000000715255737, 0.39999985694885254, 0.39999985694885254, 0.39999985694885254, 0.39999985694885254, 0.6000001430511475, 0.6000001430511475, 0.6000001430511475, 0.6000001430511475, 0.0, 0.0, 0.0, 0.0, 0.0, 0.0, 0.0, 0.0]
    inductor=[0.0, 0.0, 0.0, 0.0, 0.19999992847442627, 0.19999992847442627, 0.19999992847442627, 0.19999992847442627, 0.8000000715255737, 0.8000000715255737, 0.8000000715255737, 0.8000000715255737, 0.39999985694885254, 0.39999985694885254, 0.39999985694885254, 0.39999985694885254, 0.6000001430511475, 0.6000001430511475, 0.6000001430511475, 0.6000001430511475, 0.0, 0.0, 0.0, 0.0, 0.0, 0.0, 0.0, 0.0]
[nanquantile all equal keepdim] eager=[0.0, 0.0, 0.0, 0.0, 0.0, 0.0, 0.0, 0.0, 0.0, 0.0, 0.0, 0.0, 0.0, 0.0, 0.0, 0.0, 0.0, 0.0, 0.0, 0.0, 0.0, 0.0, 0.0, 0.0, 1.0, 1.0, 1.0, 1.0]
    inductor=[0.0, 0.0, 0.0, 0.0, 0.0, 0.0, 0.0, 0.0, 0.0, 0.0, 0.0, 0.0, 1.0, 1.0, 1.0, 1.0, 0.0, 0.0, 0.0, 0.0, 0.0, 0.0, 0.0, 0.0, 0.0, 0.0, 0.0, 0.0]   <-- DIFF
    aot_eager=[0.0, 0.0, 0.0, 0.0, 0.0, 0.0, 0.0, 0.0, 0.0, 0.0, 0.0, 0.0, 1.0, 1.0, 1.0, 1.0, 0.0, 0.0, 0.0, 0.0, 0.0, 0.0, 0.0, 0.0, 0.0, 0.0, 0.0, 0.0]   <-- DIFF vs eager
   ━━━━━━━━━━━━━━━━━━━━━━━━━━━━━━━━━━━━━━━━ 196.3/196.3 MB 9.3 MB/s eta 0:00:00
ERROR: pip's dependency resolver does not currently take into account all the packages that are installed. This behaviour is the source of the following dependency conflicts.
torchaudio 2.10.0+cpu requires torch==2.10.0, but you have torch 2.14.0+cpu which is incompatible.
torchvision 0.25.0+cpu requires torch==2.10.0, but you have torch 2.14.0+cpu which is incompatible.
torch 2.14.0+cpu
[quantile ties 1-d q=0.5] eager=[1.0, 0.0, 0.0, 0.0, 0.0]
    inductor=[0.0, 0.0, 1.0, 0.0, 0.0]   <-- DIFF
    aot_eager=[0.0, 0.0, 1.0, 0.0, 0.0]   <-- DIFF vs eager
[quantile ties 1-d q=0.5 dim=0] eager=[1.0, 0.0, 0.0, 0.0, 0.0]
    inductor=[0.0, 0.0, 1.0, 0.0, 0.0]   <-- DIFF
    aot_eager=[0.0, 0.0, 1.0, 0.0, 0.0]   <-- DIFF vs eager
[quantile ties 2-d dim=0] eager=[0.0, 0.0, 0.5, 0.5, 0.5, 0.5, 1.0, 1.0, 0.5, 0.5, 0.5, 0.5, 0.0, 0.0]
    inductor=[0.0, 0.0, 0.5, 0.5, 0.5, 0.5, 1.0, 1.0, 0.5, 0.5, 0.5, 0.5, 0.0, 0.0]
[quantile prime7 no ties dim=0] eager=[0.0, 0.0, 0.0, 0.0, 0.0, 0.0, 0.0, 0.0, 0.0, 0.0, 0.0, 0.0, 1.0, 1.0, 1.0, 1.0, 0.0, 0.0, 0.0, 0.0, 0.0, 0.0, 0.0, 0.0, 0.0, 0.0, 0.0, 0.0]
    inductor=[0.0, 0.0, 0.0, 0.0, 0.0, 0.0, 0.0, 0.0, 0.0, 0.0, 0.0, 0.0, 1.0, 1.0, 1.0, 1.0, 0.0, 0.0, 0.0, 0.0, 0.0, 0.0, 0.0, 0.0, 0.0, 0.0, 0.0, 0.0]
[quantile all equal] eager=[0.0, 0.0, 0.0, 0.0, 0.19999992847442627, 0.19999992847442627, 0.19999992847442627, 0.19999992847442627, 0.8000000715255737, 0.8000000715255737, 0.8000000715255737, 0.8000000715255737, 0.39999985694885254, 0.39999985694885254, 0.39999985694885254, 0.39999985694885254, 0.6000001430511475, 0.6000001430511475, 0.6000001430511475, 0.6000001430511475, 0.0, 0.0, 0.0, 0.0, 0.0, 0.0, 0.0, 0.0]
    inductor=[0.0, 0.0, 0.0, 0.0, 0.19999992847442627, 0.19999992847442627, 0.19999992847442627, 0.19999992847442627, 0.8000000715255737, 0.8000000715255737, 0.8000000715255737, 0.8000000715255737, 0.39999985694885254, 0.39999985694885254, 0.39999985694885254, 0.39999985694885254, 0.6000001430511475, 0.6000001430511475, 0.6000001430511475, 0.6000001430511475, 0.0, 0.0, 0.0, 0.0, 0.0, 0.0, 0.0, 0.0]
[quantile all equal keepdim] eager=[0.0, 0.0, 0.0, 0.0, 0.0, 0.0, 0.0, 0.0, 0.0, 0.0, 0.0, 0.0, 0.0, 0.0, 0.0, 0.0, 0.0, 0.0, 0.0, 0.0, 0.0, 0.0, 0.0, 0.0, 1.0, 1.0, 1.0, 1.0]
    inductor=[0.0, 0.0, 0.0, 0.0, 0.0, 0.0, 0.0, 0.0, 0.0, 0.0, 0.0, 0.0, 1.0, 1.0, 1.0, 1.0, 0.0, 0.0, 0.0, 0.0, 0.0, 0.0, 0.0, 0.0, 0.0, 0.0, 0.0, 0.0]   <-- DIFF
    aot_eager=[0.0, 0.0, 0.0, 0.0, 0.0, 0.0, 0.0, 0.0, 0.0, 0.0, 0.0, 0.0, 1.0, 1.0, 1.0, 1.0, 0.0, 0.0, 0.0, 0.0, 0.0, 0.0, 0.0, 0.0, 0.0, 0.0, 0.0, 0.0]   <-- DIFF vs eager
[nanquantile ties 1-d q=0.5] eager=[1.0, 0.0, 0.0, 0.0, 0.0]
    inductor=[0.0, 0.0, 1.0, 0.0, 0.0]   <-- DIFF
    aot_eager=[0.0, 0.0, 1.0, 0.0, 0.0]   <-- DIFF vs eager
[nanquantile ties 1-d q=0.5 dim=0] eager=[1.0, 0.0, 0.0, 0.0, 0.0]
    inductor=[0.0, 0.0, 1.0, 0.0, 0.0]   <-- DIFF
    aot_eager=[0.0, 0.0, 1.0, 0.0, 0.0]   <-- DIFF vs eager
[nanquantile ties 2-d dim=0] eager=[0.0, 0.0, 0.5, 0.5, 0.5, 0.5, 1.0, 1.0, 0.5, 0.5, 0.5, 0.5, 0.0, 0.0]
    inductor=[0.0, 0.0, 0.5, 0.5, 0.5, 0.5, 1.0, 1.0, 0.5, 0.5, 0.5, 0.5, 0.0, 0.0]
[nanquantile prime7 no ties dim=0] eager=[0.0, 0.0, 0.0, 0.0, 0.0, 0.0, 0.0, 0.0, 0.0, 0.0, 0.0, 0.0, 1.0, 1.0, 1.0, 1.0, 0.0, 0.0, 0.0, 0.0, 0.0, 0.0, 0.0, 0.0, 0.0, 0.0, 0.0, 0.0]
    inductor=[0.0, 0.0, 0.0, 0.0, 0.0, 0.0, 0.0, 0.0, 0.0, 0.0, 0.0, 0.0, 1.0, 1.0, 1.0, 1.0, 0.0, 0.0, 0.0, 0.0, 0.0, 0.0, 0.0, 0.0, 0.0, 0.0, 0.0, 0.0]
[nanquantile all equal] eager=[0.0, 0.0, 0.0, 0.0, 0.19999992847442627, 0.19999992847442627, 0.19999992847442627, 0.19999992847442627, 0.8000000715255737, 0.8000000715255737, 0.8000000715255737, 0.8000000715255737, 0.39999985694885254, 0.39999985694885254, 0.39999985694885254, 0.39999985694885254, 0.6000001430511475, 0.6000001430511475, 0.6000001430511475, 0.6000001430511475, 0.0, 0.0, 0.0, 0.0, 0.0, 0.0, 0.0, 0.0]
    inductor=[0.0, 0.0, 0.0, 0.0, 0.19999992847442627, 0.19999992847442627, 0.19999992847442627, 0.19999992847442627, 0.8000000715255737, 0.8000000715255737, 0.8000000715255737, 0.8000000715255737, 0.39999985694885254, 0.39999985694885254, 0.39999985694885254, 0.39999985694885254, 0.6000001430511475, 0.6000001430511475, 0.6000001430511475, 0.6000001430511475, 0.0, 0.0, 0.0, 0.0, 0.0, 0.0, 0.0, 0.0]
[nanquantile all equal keepdim] eager=[0.0, 0.0, 0.0, 0.0, 0.0, 0.0, 0.0, 0.0, 0.0, 0.0, 0.0, 0.0, 0.0, 0.0, 0.0, 0.0, 0.0, 0.0, 0.0, 0.0, 0.0, 0.0, 0.0, 0.0, 1.0, 1.0, 1.0, 1.0]
    inductor=[0.0, 0.0, 0.0, 0.0, 0.0, 0.0, 0.0, 0.0, 0.0, 0.0, 0.0, 0.0, 1.0, 1.0, 1.0, 1.0, 0.0, 0.0, 0.0, 0.0, 0.0, 0.0, 0.0, 0.0, 0.0, 0.0, 0.0, 0.0]   <-- DIFF
    aot_eager=[0.0, 0.0, 0.0, 0.0, 0.0, 0.0, 0.0, 0.0, 0.0, 0.0, 0.0, 0.0, 1.0, 1.0, 1.0, 1.0, 0.0, 0.0, 0.0, 0.0, 0.0, 0.0, 0.0, 0.0, 0.0, 0.0, 0.0, 0.0]   <-- DIFF vs eager
JOB DONE
/usr/local/lib/python3.12/dist-packages/mistune.py:435: SyntaxWarning: invalid escape sequence '\|'
  cells[i][c] = re.sub('\\\\\|', '|', cell)
/usr/local/lib/python3.12/dist-packages/nbconvert/filters/filter_links.py:36: SyntaxWarning: invalid escape sequence '\_'
  text = re.sub(r'_', '\_', text) # Escape underscores in display text
[NbConvertApp] Converting notebook __script__.ipynb to html
[NbConvertApp] Writing 278029 bytes to __results__.html
